0.050151
0.160167
0.022009
0.146201
0.080737
0.099121
0.072031
0.247926
0.126336
0.093387
0.027824
0.163054
0.051240
0.011520
0.024623
0.182705
0.035102
0.074294
0.360362
0.147560
0.146930
0.222128
0.043457
0.251363
0.298236
0.008999
0.108835
0.042908
0.002023
0.006517
0.352792
0.190327
0.077601
0.142815
0.110179
0.004007
0.268582
0.127637
0.134145
0.043703
0.018149
0.212089
0.040098
0.223841
0.116050
0.088829
0.195670
0.257662
0.168614
0.241880
0.024312
0.252733
0.212915
0.056555
0.032998
0.036739
0.025632
0.032329
0.053871
0.237305
0.013476
0.142910
0.273343
0.048319
0.045992
0.026431
0.028026
0.131732
0.157731
0.136677
0.299782
0.073723
0.027452
0.131921
0.342360
0.142601
0.014491
0.008146
0.022898
0.171301
0.140887
0.017175
0.022857
0.013407
0.005557
0.007508
0.256485
0.019891
0.049707
0.171311
0.080405
0.060253
0.010496
0.141590
0.485729
0.210057
0.099131
0.137754
0.259530
0.177808
0.136184
0.411021
0.068768
0.177203
0.008012
0.028508
0.026024
0.038107
0.026322
0.100259
0.105306
0.355665
0.078989
0.012023
0.089781
0.059951
0.188180
0.000324
0.091250
0.026643
0.065962
0.036378
0.020157
0.004172
0.119067
0.101512
0.020410
0.098660
0.039805
0.022591
0.115441
0.029742
0.009172
0.209870
0.009843
0.044879
0.089946
0.034077
0.034021
0.021041
0.000358
0.040269
0.057358
0.251245
0.120090
0.115768
0.148843
0.248019
0.022759
0.079417
0.235317
0.207131
0.085849
0.032008
0.067806
0.189009
0.034397
0.115258
0.014973
0.067810
0.128827
0.025098
0.012926
0.044698
0.268671
0.097311
0.170445
0.040793
0.107538
0.029963
0.007531
0.104187
0.034006
0.009557
0.272562
0.030851
0.143455
0.017111
0.098261
0.023300
0.055547
0.050152
0.039455
0.101792
0.041286
0.014627
0.000542
0.148893
0.012179
0.127656
0.059621
0.123069
0.064225
0.009863
0.048272
0.107037
0.014122
0.005490
0.151808
0.058440
0.089071
0.075481
0.044929
0.219574
0.018611
0.074601
0.090683
0.177083
0.010407
0.018591
0.025553
0.034366
0.210601
0.168691
0.003700
0.150624
0.180852
0.024976
0.094789
0.112272
0.127105
0.051281
0.056918
0.048735
0.016809
0.001469
0.048154
0.133715
0.104885
0.252063
0.165960
0.037389
0.000602
0.185732
0.102916
0.051201
0.126893
0.113262
0.003345
0.115748
0.096485
0.083894
0.000573
0.030323
0.194880
0.041757
0.211204
0.037576
0.020612
0.070009
0.112594
0.021209
0.122440
0.079274
0.269540
0.261150
0.270935
0.080423
0.160767
0.090263
0.536018
0.039236
0.088954
0.142430
0.158431
0.092730
0.018267
0.200311
0.109188
0.094670
0.103733
0.016057
0.003352
0.073012
0.072371
0.067297
0.004972
0.048558
0.060170
0.053286
0.052217
0.126442
0.167636
0.059193
0.533184
0.007716
0.090951
0.024819
0.257063
0.062148
0.190104
0.297418
0.145678
0.076947
0.064923
0.062768
0.341967
0.061256
0.145435
0.029785
0.331057
0.051480
0.080844
0.021199
0.044645
0.248318
0.093278
0.011628
0.022190
0.089819
0.090718
0.082296
0.027790
0.042135
0.257298
0.147266
0.270714
0.059417
0.158587
0.337207
0.034657
0.045575
0.137689
0.031881
0.013048
0.097603
0.258415
0.033168
0.022687
0.019387
0.025819
0.001396
0.012782
0.104567
0.010631
0.007317
0.068603
0.034698
0.243487
0.021160
0.056536
0.139992
0.619967
0.074139
0.108409
0.039693
0.104047
0.005147
0.162623
0.114546
0.037533
0.035373
0.020957
0.005492
0.017111
0.014638
0.005981
0.290958
0.259320
0.029702
0.018493
0.064694
0.260460
0.087287
0.025520
0.100399
0.001679
0.042701
0.073946
0.036697
0.103601
0.031337
0.040480
0.142382
0.115067
0.186512
0.091820
0.110250
0.188388
0.029602
0.072233
0.094523
0.172222
0.133464
0.044620
0.002415
0.066797
0.123190
0.070808
0.008149
0.066097
0.004436
0.028085
0.094480
0.325879
0.018163
0.141585
0.000700
0.133356
0.255841
0.154948
0.010701
0.027354
0.009987
0.032464
0.277602
0.010168
0.186609
0.117916
0.056986
0.039154
0.013923
0.047481
0.107845
0.212597
0.023682
0.075265
0.286861
0.013021
0.072347
0.023771
0.017455
0.056873
0.104921
0.061980
0.151527
0.115416
0.201889
0.004833
0.019496
0.011600
0.090681
0.120511
0.052191
0.086199
0.025068
0.046873
0.010258
0.048992
0.272085
0.178059
0.100842
0.097992
0.086468
0.002992
0.091556
0.015542
0.150242
0.132920
0.109873
0.011158
0.010785
0.031515
0.033931
0.293748
0.070707
0.275434
0.034899
0.103429
0.026507
0.099252
0.167663
0.002887
0.096124
0.148914
0.007986
0.018961
0.044595
0.047596
0.010612
0.203592
0.011001
0.138517
0.045696
0.031771
0.007067
0.056598
0.112347
0.063798
0.025414
0.085972
0.013477
0.065423
0.021379
0.014316
0.020405
0.231033
0.165348
0.116324
0.004576
0.149191
0.197519
0.514920
0.110234
0.176344
0.124447
0.021504
0.016808
0.039134
0.076039
0.102267
0.061631
0.000586
0.021274
0.058716
0.105868
0.042974
0.055584
0.005178
0.165734
0.431577
0.033447
0.044511
0.192267
0.154265
0.015122
0.010913
0.343251
0.203324
0.162254
0.050366
0.076002
0.350796
0.009269
0.005453
0.229781
0.054325
0.024827
0.097496
0.061895
0.061607
0.180504
0.022594
0.111645
0.328478
0.048533
0.267154
0.010897
0.208429
0.254344
0.009393
0.345443
0.000474
0.033854
0.030366
0.003718
0.043156
0.033568
0.112472
0.097832
0.056717
0.553190
0.259588
0.030737
0.034398
0.130823
0.000698
0.220284
0.217458
0.101943
0.259533
0.204063
0.079346
0.176388
0.011981
0.197173
0.061850
0.240254
0.312609
0.020788
0.044654
0.098854
0.095579
0.047610
0.118447
0.105001
0.118316
0.225717
0.112492
0.062435
0.019438
0.040649
0.020090
0.002488
0.054071
0.048659
0.013888
0.015659
0.075620
0.028368
0.078033
0.185862
0.053987
0.064789
0.062258
0.212632
0.030982
0.032574
0.061298
0.088319
0.072329
0.106062
0.419835
0.049375
0.038927
0.134775
0.076295
0.010495
0.039120
0.004435
0.072924
0.055739
0.014948
0.026470
0.000791
0.064064
0.156504
0.018301
0.259710
0.034451
0.021513
0.011896
0.095684
0.113370
0.155242
0.129772
0.103745
0.009445
0.196213
0.048062
0.015291
0.049438
0.398746
0.123311
0.012126
0.016833
0.003217
0.003567
0.065175
0.088478
0.057047
0.085126
0.063146
0.200154
0.426487
0.021685
0.010661
0.006236
0.015349
0.456032
0.146586
0.083069
0.053027
0.059479
0.037468
0.017145
0.043011
0.175802
0.050076
0.015709
0.279628
0.070850
0.259452
0.013087
0.041121
0.039170
0.029662
0.237566
0.066873
0.081791
0.049575
0.079266
0.059217
0.081689
0.006985
0.024933
0.004488
0.004763
0.035151
0.003751
0.033043
0.134628
0.028670
0.023102
0.000221
0.077009
0.065609
0.014335
0.061501
0.146449
0.050305
0.076197
0.126506
0.052495
0.138207
0.104319
0.164066
0.084021
0.003491
0.157172
0.077562
0.056144
0.053398
0.297022
0.029425
0.051070
0.122757
0.009368
0.071937
0.057790
0.286613
0.034560
0.064257
0.163291
0.100853
0.078721
0.260767
0.021758
0.077145
0.023968
0.197875
0.058481
0.079015
0.504023
0.003053
0.038720
0.073199
0.128149
0.064215
0.069611
0.013235
0.033396
0.002108
0.049477
0.097737
0.043246
0.024393
0.005574
0.039467
0.172508
0.065430
0.039945
0.141117
0.487325
0.086442
0.041411
0.077696
0.139810
0.010808
0.012736
0.137293
0.023776
0.030728
0.129379
0.037624
0.293391
0.117280
0.157501
0.039721
0.112895
0.032736
0.093951
0.101801
0.047874
0.070388
0.062975
0.352992
0.024216
0.289492
0.174809
0.067031
0.005341
0.005006
0.098242
0.099520
0.033287
0.038261
0.130528
0.029361
0.119647
0.093996
0.001181
0.185722
0.168899
0.018350
0.004798
0.053425
0.180211
0.287995
0.182853
0.143915
0.066115
0.001492
0.003812
0.038858
0.002944
0.230421
0.071618
0.031138
0.076067
0.343791
0.009576
0.113430
0.186099
0.048941
0.021869
0.164156
0.026224
0.223320
0.009472
0.000324
0.015798
0.017451
0.104256
0.414785
0.198717
0.142541
0.040621
0.212525
0.006204
0.198157
0.054041
0.276072
0.067256
0.247992
0.004538
0.120179
0.173090
0.188403
0.033853
0.105103
0.153384
0.011018
0.188357
0.035160
0.029107
0.017995
0.175479
0.038301
0.267386
0.226933
0.016714
0.018138
0.060778
0.059262
0.187165
0.223233
0.070837
0.138051
0.401626
0.030600
0.022763
0.234903
0.075450
0.042662
0.061096
0.057296
0.183176
0.088647
0.095694
0.003867
0.014221
0.009705
0.262701
0.543082
0.217183
0.015572
0.116330
0.012811
0.031672
0.113341
0.124283
0.041511
0.125965
0.187478
0.328707
0.158108
0.168846
0.132918
0.130113
0.105724
0.462176
0.121543
0.186773
0.225389
0.034417
0.186842
0.116249
0.080727
0.011990
0.133076
0.033558
0.018732
0.053906
0.185265
0.101350
0.142001
0.034610
0.036374
0.033598
0.029447
0.148287
0.086554
0.033698
0.199400
0.076279
0.064376
0.013874
0.251321
0.080214
0.117354
0.029832
0.169231
0.241605
0.116660
0.038680
0.148124
0.004538
0.080765
0.066343
0.130748
0.001768
0.181567
0.189507
0.118192
0.073072
0.089163
0.179013
0.039581
0.074813
0.281139
0.319653
0.283550
0.006650
0.040631
0.244594
0.083891
0.031140
0.008114
0.017597
0.073105
0.016876
0.060910
0.072263
0.131728
0.160184
0.219642
0.048538
0.143141
0.039381
0.628818
0.017235
0.018603
0.354210
0.078343
0.001911
0.167232
0.018677
0.017742
0.005275
0.129524
0.083639
0.093503
0.058893
0.051107
0.062246
0.000952
0.333116
0.004876
0.055670
0.007010
0.105703
0.096774
0.016045
0.070882
0.113116
0.005074
0.188989
0.021733
0.002568
0.006677
0.507901
0.011701
0.029206
0.223790
0.138138
0.013469
0.183821
0.025381
0.075227
0.020918
0.337794
0.059805
0.225498
0.011517
0.027567
0.052630
0.028426
0.021410
0.113213
